active 0
playing 0
playlist 0
position 402
shuffle 0,117,118,153,154,155,161,60,61,70,71,72,79,80,81,82
shuffle 83,84,92,88,89,90,105,106,107,108,109,110,136,115,116,113
shuffle 114,111,112,119,120,121,124,125,129,143,144,145,146,147,148,149
shuffle 158,159,160,126,127,128,258,260,7,278,272,273,274,277,283,284
shuffle 230,231,281,292,285,302,303,298,299,308,309,310,311,312,313,314
shuffle 330,177,178,179,180,181,182,183,184,185,186,187,188,189,190,203
shuffle 204,205,206,259,261,263,267,264,266,269,265,275,276,291,295,286
shuffle 287,288,289,290,398,399,400,395,396,397,402
resume-state 2
resume-time 106679
